res_i	res_j	chain_i	chain_j	resname_i	resname_j	resseq_i	resseq_j	dist_nm	dist_A
140	421	W	Z	VAL	LYS	141	112	0.673986	6.739862
140	422	W	Z	VAL	ASP	141	113	0.624102	6.241018
141	418	W	Z	LYS	LEU	142	109	0.685370	6.853697
141	421	W	Z	LYS	LYS	142	112	0.797293	7.972928
141	422	W	Z	LYS	ASP	142	113	0.659455	6.594551
142	422	W	Z	THR	ASP	143	113	0.612867	6.128675
142	423	W	Z	THR	SER	143	114	0.794546	7.945456
143	345	W	Z	THR	SER	144	36	0.608998	6.089976
143	387	W	Z	THR	ASN	144	78	0.744616	7.446157
143	418	W	Z	THR	LEU	144	109	0.772462	7.724624
143	422	W	Z	THR	ASP	144	113	0.734490	7.344898
143	423	W	Z	THR	SER	144	114	0.747870	7.478698
144	340	W	Z	GLY	LEU	145	31	0.794993	7.949930
144	343	W	Z	GLY	GLU	145	34	0.527323	5.273232
144	344	W	Z	GLY	PHE	145	35	0.472003	4.720034
144	345	W	Z	GLY	SER	145	36	0.459551	4.595512
145	343	W	Z	ILE	GLU	146	34	0.498438	4.984384
145	344	W	Z	ILE	PHE	146	35	0.587959	5.879588
145	345	W	Z	ILE	SER	146	36	0.763490	7.634902
146	343	W	Z	VAL	GLU	147	34	0.591409	5.914092
165	387	W	Z	GLN	ASN	166	78	0.696769	6.967693
167	380	W	Z	SER	SER	168	71	0.761409	7.614092
167	385	W	Z	SER	GLN	168	76	0.558458	5.584578
167	386	W	Z	SER	ILE	168	77	0.636504	6.365041
167	387	W	Z	SER	ASN	168	78	0.555470	5.554699
168	387	W	Z	GLU	ASN	169	78	0.695602	6.956020
171	344	W	Z	LYS	PHE	172	35	0.698157	6.981565
196	389	W	Z	ALA	ASP	197	80	0.526670	5.266704
196	390	W	Z	ALA	PHE	197	81	0.614652	6.146518
197	388	W	Z	GLU	ILE	198	79	0.681146	6.811463
197	389	W	Z	GLU	ASP	198	80	0.428042	4.280416
197	390	W	Z	GLU	PHE	198	81	0.443393	4.433927
197	391	W	Z	GLU	ARG	198	82	0.796857	7.968574
198	389	W	Z	ASP	ASP	199	80	0.740758	7.407577
198	390	W	Z	ASP	PHE	199	81	0.539559	5.395587
199	390	W	Z	GLU	PHE	200	81	0.675776	6.757760
